0 0.8705889662027831 0.23260437375745524 0.08610834990059643 0.17097415506958252
0 0.7637922465208747 0.15308151093439362 0.08051689860834983 0.14314115308151093
0 0.7414264413518886 0.2514910536779324 0.08275347912524836 0.16898608349900598
0 0.8012549701789264 0.2922465208747515 0.08387176938369777 0.1073558648111332
0 0.6502857852882704 0.1650099403578529 0.09058151093439364 0.1550695825049702
0 0.632952286282306 0.27932405566600393 0.08722664015904563 0.20477137176938368
0 0.432219184890656 0.12624254473161034 0.07716202783300197 0.18091451292246521
0 0.39811133200795223 0.2455268389662028 0.10735586481113316 0.1888667992047714
0 0.32542246520874746 0.11928429423459244 0.09840954274353876 0.17495029821073557
0 0.2504970178926441 0.36083499005964215 0.09617296222664012 0.1530815109343936
0 0.07324801192842942 0.08946322067594431 0.09505467196819085 0.16302186878727631
0 0.13028081510934392 0.25347912524850896 0.09729125248508944 0.15308151093439368
