0 0.8270608121013027 0.5080789946140035 0.14935635432980632 0.19748653500897667
0 0.21283280491997403 0.34290843806104127 0.17549371633752245 0.1472172351885099
0 0.91200723862638 0.7199281867145422 0.1400215821841934 0.18671454219030514
0 0.7589169754383284 0.2657091561938959 0.1736267619083999 0.14362657091561942
0 0.8970716031933993 0.23429084380610413 0.12881985560945794 0.12028725314183127
0 0.7766530425149929 0.11579892280071814 0.15309026318805152 0.13105924596050272
0 0.6114275755376447 0.17055655296229802 0.12881985560945794 0.125673249551167
0 0.44246819970205126 0.14991023339317774 0.13068681003858054 0.15619389587073607
0 0.31644877573627717 0.1265709156193896 0.14748939990068377 0.1490125673249551
0 0.16895937583559345 0.14272890484739675 0.12881985560945797 0.13824057450628366
