0 0.8146319569120288 0.770197486535009 0.14272890484739675 0.215439856373429
0 0.9450179533213645 0.35368043087971274 0.10996409335727109 0.1831238779174147
0 0.8913824057450629 0.12567324955116696 0.08886894075403959 0.12208258527827648
0 0.713644524236984 0.18850987432675045 0.09156193895870743 0.12567324955116696
0 0.8045332136445242 0.4012567324955117 0.10098743267504502 0.1418312387791741
0 0.7648114901256733 0.10951526032315978 0.07271095152603238 0.11849192100538603
0 0.6180430879712747 0.2737881508078995 0.07809694793536813 0.08797127468581689
0 0.5439856373429085 0.28276481149012567 0.08617594254937166 0.1023339317773788
0 0.5776481149012568 0.3456014362657092 0.1023339317773788 0.08078994614003583
0 0.4046229802513466 0.4515260323159785 0.13330341113105923 0.15260323159784556
0 0.5204219030520646 0.14991023339317772 0.07944344703770206 0.10592459605026928
0 0.41000897666068226 0.28096947935368044 0.11175942549371626 0.1418312387791741
0 0.4355924596050269 0.05026929982046679 0.07405745062836623 0.08617594254937164
0 0.3500897666068223 0.1265709156193896 0.07540394973070022 0.1023339317773788
0 0.29353680430879714 0.21903052064631956 0.08886894075403955 0.1220825852782765
0 0.2268850987432675 0.17594254937163373 0.07675044883303414 0.10412926391382404
0 0.1622531418312388 0.09694793536804308 0.06867145421903052 0.09694793536804308
0 0.1285906642728905 0.2396768402154399 0.10368043087971276 0.1346499102333932
