0 0.04860335195530727 0.3266477552320028 0.03910614525139665 0.08935652878687005
0 0.08826815642458101 0.2690624366804643 0.03798882681564246 0.07744232494862072
0 0.19608938547486032 0.2343126754855704 0.05027932960893853 0.08737082814716182
0 0.1659217877094972 0.3266477552320028 0.048044692737430165 0.09332793006628652
0 0.3877094972067039 0.3703331693055837 0.1094972067039106 0.2243841722870292
0 0.4720670391061452 0.32565490491214866 0.13072625698324025 0.2859408921179842
0 0.5586592178770949 0.22339132196717515 0.0625698324022347 0.11318493646336872
0 0.6988826815642457 0.25317683156279847 0.048044692737430096 0.09332793006628652
0 0.7810055865921788 0.1945986626914059 0.04469273743016757 0.09531363070599476
0 0.8189944134078212 0.2859408921179842 0.046927374301675824 0.07942802558832895
0 0.9016759776536313 0.3246620545922946 0.08938547486033514 0.2839551914782759
0 0.929608938547486 0.14892754797811678 0.040223463687150914 0.0953136307059947
0 0.16312849162011173 0.6582597620632762 0.053631284916201095 0.0853851275074537
0 0.25921787709497207 0.684073870379483 0.055865921787709494 0.11318493646336876
0 0.26536312849162014 0.8429299215561409 0.07932960893854749 0.12509914030161795
0 0.4810055865921788 0.6106029467102787 0.05474860335195522 0.08141372622803715
0 0.4407821229050279 0.7476162908501461 0.04581005586592177 0.09332793006628648
0 0.5681564245810056 0.6483312588647351 0.0547486033519553 0.0853851275074537
0 0.5670391061452514 0.7287521347729179 0.06368715083798883 0.11517063710307696
0 0.6826815642458101 0.6145743479896951 0.06033519553072637 0.11715633774278522
0 0.6195530726256984 0.7744232494862072 0.05251396648044697 0.10325643326482763
0 0.6905027932960894 0.926925637537268 0.1050279329608938 0.14614872492546382
